lender: 0.2724208706964738
borrower: 0.25227035500330053
satisfaction: 0.2289613713669179
deed: 0.19058572421799205
signature: 0.1877912649156646
date: 0.16394461223592696
instrument: 0.14993993439668746
loan: 0.1464804340491978
property: 0.1361401569054512
lien: 0.1304655429338662
