trustor: 0.27905069407124306
property: 0.26220797444137695
trust: 0.22543608908835688
deed: 0.21145351518661543
beneficiary: 0.18199121588939282
note: 0.15855528982929226
trustee: 0.14083917237671015
shall: 0.1261158257698816
borrower: 0.10557448536458505
default: 0.08654131121724315
