borrower: 0.33582677400065103
loan: 0.24201621374915444
lender: 0.21468162647532552
note: 0.20555706407061805
promissory: 0.17461302413936
date: 0.14965324868690882
interest: 0.13847595399196416
default: 0.10135132305146324
payment: 0.10068561038310268
pay: 0.09765248432535288
