grantor: 0.2882124718616241
notary: 0.14280474414328992
county: 0.13830853505830543
grantee: 0.13830853505830543
state: 0.13830853505830543
20: 0.13373182176666784
day: 0.13373182176666784
name: 0.12940476576270882
witness: 0.12782076722125668
instrument: 0.12050099646711228
